[
  {
    "rotation_index": 0,
    "rotation_angle": 90,
    "A_i_pose": {
      "x": 696.6275262505237,
      "y": -42.08492114854758,
      "z": 375.87796513441276,
      "o_x": -0.8035986209937395,
      "o_y": 0.03262927301879398,
      "o_z": -0.5942765239172967,
      "theta": 174.71251517219247
    },
    "rvec": [
      [
        -0.5034649240742001
      ],
      [
        -0.48451233923878895
      ],
      [
        1.593309687958074
      ]
    ],
    "tvec": [
      [
        262.8127075692182
      ],
      [
        -246.31895458151496
      ],
      [
        876.5600542712991
      ]
    ],
    "T_B_i_camera_frame": [
      [
        -0.07036224430784646,
        -0.8086161596564477,
        -0.5841139109098679,
        262.8127075692182
      ],
      [
        0.996904839684161,
        -0.07758886988363066,
        -0.01267706135026253,
        -246.31895458151496
      ],
      [
        -0.03506986156602582,
        -0.5831979712007229,
        0.8115726900266546,
        876.5600542712991
      ],
      [
        0.0,
        0.0,
        0.0,
        1.0
      ]
    ]
  },
  {
    "rotation_index": 1,
    "rotation_angle": 180,
    "A_i_pose": {
      "x": 696.6152426101972,
      "y": -42.085640117901335,
      "z": 375.9086755513176,
      "o_x": -0.8036365380021285,
      "o_y": 0.032659062985760934,
      "o_z": -0.5942236114400411,
      "theta": -95.28839301362754
    },
    "rvec": [
      [
        -0.6298011935627131
      ],
      [
        0.009021981065630787
      ],
      [
        0.07644463095838176
      ]
    ],
    "tvec": [
      [
        -153.20335264549522
      ],
      [
        -318.57872511960585
      ],
      [
        877.0752373681489
      ]
    ],
    "T_B_i_camera_frame": [
      [
        0.9971354755770088,
        -0.0741647633456556,
        -0.014846926405673117,
        -153.20335264549522
      ],
      [
        0.06867079019336979,
        0.8054147893493117,
        0.5887200860100003,
        -318.57872511960585
      ],
      [
        -0.03170435175225574,
        -0.5880532331135394,
        0.8082006119180326,
        877.0752373681489
      ],
      [
        0.0,
        0.0,
        0.0,
        1.0
      ]
    ]
  },
  {
    "rotation_index": 2,
    "rotation_angle": 270,
    "A_i_pose": {
      "x": 696.6177694927867,
      "y": -42.10129205338812,
      "z": 375.88452276951466,
      "o_x": -0.8036838785189653,
      "o_y": 0.03261392508354348,
      "o_z": -0.5941620614776385,
      "theta": -5.280390501319797
    },
    "rvec": [
      [
        -0.47803507233828746
      ],
      [
        0.48654562184964983
      ],
      [
        -1.440919903807392
      ]
    ],
    "tvec": [
      [
        -226.17640888380956
      ],
      [
        96.68449371234114
      ],
      [
        876.0480551822596
      ]
    ],
    "T_B_i_camera_frame": [
      [
        0.06861132917468128,
        0.8099424657380971,
        0.5824823496922245,
        -226.17640888380956
      ],
      [
        -0.997257656000536,
        0.07191697134508496,
        0.017467592303089974,
        96.68449371234114
      ],
      [
        -0.027742621671360934,
        -0.5820834574411486,
        0.8126556438714728,
        876.0480551822596
      ],
      [
        0.0,
        0.0,
        0.0,
        1.0
      ]
    ]
  },
  {
    "rotation_index": 3,
    "rotation_angle": 360,
    "A_i_pose": {
      "x": 696.6189939750307,
      "y": -42.11237119913834,
      "z": 375.8779358333618,
      "o_x": -0.8036694856160415,
      "o_y": 0.0326203117257538,
      "o_z": -0.5941811787262888,
      "theta": 84.71451071097967
    },
    "rvec": [
      [
        0.011819010549355757
      ],
      [
        0.9364837574776083
      ],
      [
        -2.9185917024528907
      ]
    ],
    "tvec": [
      [
        189.8508961908463
      ],
      [
        169.28442253857506
      ],
      [
        875.8092286861323
      ]
    ],
    "T_B_i_camera_frame": [
      [
        -0.9970521640235704,
        0.0750417184381578,
        0.015991332332340083,
        189.8508961908463
      ],
      [
        -0.07033632763735137,
        -0.8106651493277119,
        -0.5812700032514747,
        169.28442253857506
      ],
      [
        -0.030655884107398695,
        -0.580681286214156,
        0.8135536003302225,
        875.8092286861323
      ],
      [
        0.0,
        0.0,
        0.0,
        1.0
      ]
    ]
  }
]