[
  {
    "rotation_index": 0,
    "rotation_angle": 90,
    "A_i_pose": {
      "x": 696.62731384973,
      "y": -42.07766601651977,
      "z": 375.8851599411074,
      "o_x": -0.8036411071214097,
      "o_y": 0.03272473966079283,
      "o_z": -0.5942138187208446,
      "theta": 174.7144788452914
    },
    "rvec": [
      [
        -0.5036900173086716
      ],
      [
        -0.4844235759438143
      ],
      [
        1.5932226577004476
      ]
    ],
    "tvec": [
      [
        262.8420448172383
      ],
      [
        -246.18577533813027
      ],
      [
        876.6133774368735
      ]
    ],
    "T_B_i_camera_frame": [
      [
        -0.07023486814678943,
        -0.8085673037584795,
        -0.5841968662952124,
        262.8420448172383
      ],
      [
        0.9969079162446481,
        -0.07758226921074186,
        -0.012473894053818935,
        -246.18577533813027
      ],
      [
        -0.03523733567052173,
        -0.5832665829591605,
        0.8115161263819644,
        876.6133774368735
      ],
      [
        0.0,
        0.0,
        0.0,
        1.0
      ]
    ]
  },
  {
    "rotation_index": 1,
    "rotation_angle": 180,
    "A_i_pose": {
      "x": 696.6204900443727,
      "y": -42.080725141910605,
      "z": 375.9365878050992,
      "o_x": -0.8036078573539316,
      "o_y": 0.032678598551461935,
      "o_z": -0.5942613236579803,
      "theta": -95.28511956671751
    },
    "rvec": [
      [
        -0.6299676011435573
      ],
      [
        0.009137127918381055
      ],
      [
        0.07649929163298072
      ]
    ],
    "tvec": [
      [
        -153.24453179747167
      ],
      [
        -318.57138137180056
      ],
      [
        877.1978533730951
      ]
    ],
    "T_B_i_camera_frame": [
      [
        0.9971304760401527,
        -0.07424887822473286,
        -0.01476204031654654,
        -153.24453179747167
      ],
      [
        0.06868341852242665,
        0.8053129946092743,
        0.5888578510417569,
        -318.57138137180056
      ],
      [
        -0.03183397197981637,
        -0.5881820167225548,
        0.8081017964539966,
        877.1978533730951
      ],
      [
        0.0,
        0.0,
        0.0,
        1.0
      ]
    ]
  },
  {
    "rotation_index": 2,
    "rotation_angle": 270,
    "A_i_pose": {
      "x": 696.6130047239567,
      "y": -42.07435972661246,
      "z": 375.92335468667045,
      "o_x": -0.8035787167042466,
      "o_y": 0.032633882508202414,
      "o_z": -0.5943031850599462,
      "theta": -5.285569365592407
    },
    "rvec": [
      [
        -0.47856038373159665
      ],
      [
        0.4866881701797844
      ],
      [
        -1.4407354860267543
      ]
    ],
    "tvec": [
      [
        -226.01775360342216
      ],
      [
        96.85197119523481
      ],
      [
        876.0100250663979
      ]
    ],
    "T_B_i_camera_frame": [
      [
        0.06877836589130774,
        0.8096770766590902,
        0.5828315090299347,
        -226.01775360342216
      ],
      [
        -0.9972512530880533,
        0.07193749199863708,
        0.01774642102659707,
        96.85197119523481
      ],
      [
        -0.027558566719418087,
        -0.5824500225579321,
        0.8123992224409349,
        876.0100250663979
      ],
      [
        0.0,
        0.0,
        0.0,
        1.0
      ]
    ]
  },
  {
    "rotation_index": 3,
    "rotation_angle": 360,
    "A_i_pose": {
      "x": 696.6044258081664,
      "y": -42.07442059691304,
      "z": 375.9552628775819,
      "o_x": -0.8035795688366881,
      "o_y": 0.032734957186439706,
      "o_z": -0.5942964740987822,
      "theta": 84.70775482806853
    },
    "rvec": [
      [
        0.01137135934356093
      ],
      [
        0.9365510548132546
      ],
      [
        -2.91866765845291
      ]
    ],
    "tvec": [
      [
        189.80943321588202
      ],
      [
        169.39328008067673
      ],
      [
        875.7508899252108
      ]
    ],
    "T_B_i_camera_frame": [
      [
        -0.9970613295931154,
        0.07486579701429079,
        0.016242458786268496,
        189.80943321588202
      ],
      [
        -0.0703385536295953,
        -0.8106557569868799,
        -0.5812828326531975,
        169.39328008067673
      ],
      [
        -0.03035115983459557,
        -0.5807171050532639,
        0.8135394587819637,
        875.7508899252108
      ],
      [
        0.0,
        0.0,
        0.0,
        1.0
      ]
    ]
  }
]