[
  {
    "rotation_index": 0,
    "rotation_angle": 90,
    "A_i_pose": {
      "x": 696.6017930331893,
      "y": -42.078734298620205,
      "z": 375.9529613952319,
      "o_x": -0.8036005954593093,
      "o_y": 0.03272019638944068,
      "o_z": -0.5942688547498352,
      "theta": 174.70799514283362
    },
    "rvec": [
      [
        -0.5038546303303215
      ],
      [
        -0.48455984888892767
      ],
      [
        1.5933150959214608
      ]
    ],
    "tvec": [
      [
        262.7604518604095
      ],
      [
        -246.20354400811917
      ],
      [
        876.5718461949634
      ]
    ],
    "T_B_i_camera_frame": [
      [
        -0.07034379390337157,
        -0.8084527347342273,
        -0.5843423023879315,
        262.7604518604095
      ],
      [
        0.9968980888254969,
        -0.0777038601311778,
        -0.012502424436317883,
        -246.20354400811917
      ],
      [
        -0.03529803330713288,
        -0.5834091924382604,
        0.8114109704848618,
        876.5718461949634
      ],
      [
        0.0,
        0.0,
        0.0,
        1.0
      ]
    ]
  },
  {
    "rotation_index": 1,
    "rotation_angle": 180,
    "A_i_pose": {
      "x": 696.6083273029484,
      "y": -42.0766025818166,
      "z": 375.92672264273665,
      "o_x": -0.8036284894760082,
      "o_y": 0.032694028509422435,
      "o_z": -0.5942325734948695,
      "theta": -95.28639727935067
    },
    "rvec": [
      [
        -0.6296084615320862
      ],
      [
        0.009080711569722077
      ],
      [
        0.07647244166085687
      ]
    ],
    "tvec": [
      [
        -153.28887338435442
      ],
      [
        -318.95359861378586
      ],
      [
        877.1144853295601
      ]
    ],
    "T_B_i_camera_frame": [
      [
        0.9971328484936381,
        -0.07421074218978199,
        -0.014793518804023534,
        -153.28887338435442
      ],
      [
        0.06868258695286625,
        0.8055262068233079,
        0.5885662514707374,
        -318.95359861378586
      ],
      [
        -0.03176137126172694,
        -0.5878947999978356,
        0.8083136268992869,
        877.1144853295601
      ],
      [
        0.0,
        0.0,
        0.0,
        1.0
      ]
    ]
  },
  {
    "rotation_index": 2,
    "rotation_angle": 270,
    "A_i_pose": {
      "x": 696.6079855132044,
      "y": -42.07077219592896,
      "z": 375.8944597849546,
      "o_x": -0.8036827638749259,
      "o_y": 0.032691522637405816,
      "o_z": -0.5941593047306478,
      "theta": -5.286985664761349
    },
    "rvec": [
      [
        -0.4782495238487382
      ],
      [
        0.48667045248263113
      ],
      [
        -1.4407997664498196
      ]
    ],
    "tvec": [
      [
        -226.12119407666523
      ],
      [
        96.65865401588975
      ],
      [
        876.0406967485756
      ]
    ],
    "T_B_i_camera_frame": [
      [
        0.06870022450721014,
        0.8098045326577717,
        0.5826636234051231,
        -226.12119407666523
      ],
      [
        -0.9972521551640016,
        0.07197221248498348,
        0.017553906994476454,
        96.65865401588975
      ],
      [
        -0.02772035666100392,
        -0.5822685115279244,
        0.8125238226105388,
        876.0406967485756
      ],
      [
        0.0,
        0.0,
        0.0,
        1.0
      ]
    ]
  },
  {
    "rotation_index": 3,
    "rotation_angle": 360,
    "A_i_pose": {
      "x": 696.609124678155,
      "y": -42.093145022521156,
      "z": 375.92375048176956,
      "o_x": -0.8035954476969775,
      "o_y": 0.03274346179107768,
      "o_z": -0.5942745343278908,
      "theta": 84.70800187111678
    },
    "rvec": [
      [
        0.01158420770467215
      ],
      [
        0.9365036585136074
      ],
      [
        -2.918747240798259
      ]
    ],
    "tvec": [
      [
        189.79025814156938
      ],
      [
        169.2658939465239
      ],
      [
        875.7432484053181
      ]
    ],
    "T_B_i_camera_frame": [
      [
        -0.9970650247287666,
        0.07484952019904373,
        0.016089928172524606,
        189.79025814156938
      ],
      [
        -0.07023794547354409,
        -0.8106864691831916,
        -0.5812521653283929,
        169.2658939465239
      ],
      [
        -0.030462558629890318,
        -0.5806763280944582,
        0.8135644009618767,
        875.7432484053181
      ],
      [
        0.0,
        0.0,
        0.0,
        1.0
      ]
    ]
  }
]