[
  {
    "rotation_index": 0,
    "rotation_angle": 90,
    "A_i_pose": {
      "x": 703.4193687052126,
      "y": -101.64759253626764,
      "z": 443.55978225740455,
      "o_x": -0.673240850660044,
      "o_y": 0.18666997341417213,
      "o_z": -0.7154726256315422,
      "theta": 168.8955546105524
    },
    "rvec": [
      [
        -0.7796023852417511
      ],
      [
        -0.4875807377005795
      ],
      [
        1.5565912757936948
      ]
    ],
    "tvec": [
      [
        126.02691875518666
      ],
      [
        -154.67539064837672
      ],
      [
        986.1891306116977
      ]
    ],
    "T_B_i_camera_frame": [
      [
        -0.005256911718836854,
        -0.6932928607387666,
        -0.7206367837737939,
        126.02691875518666
      ],
      [
        0.9805223304131206,
        -0.14506546069955406,
        0.13240835197694062,
        -154.67539064837672
      ],
      [
        -0.19633727216298913,
        -0.7059043995901169,
        0.6805517277907046,
        986.1891306116977
      ],
      [
        0.0,
        0.0,
        0.0,
        1.0
      ]
    ]
  },
  {
    "rotation_index": 1,
    "rotation_angle": 180,
    "A_i_pose": {
      "x": 703.4176594316511,
      "y": -101.63889739384514,
      "z": 443.5848240486993,
      "o_x": -0.6731989736488765,
      "o_y": 0.18660933965746282,
      "o_z": -0.7155278444831517,
      "theta": -101.10793287847112
    },
    "rvec": [
      [
        -0.8066082053204489
      ],
      [
        0.18110929819214344
      ],
      [
        0.08035806563121457
      ]
    ],
    "tvec": [
      [
        -62.71477079627013
      ],
      [
        -180.98535594517608
      ],
      [
        984.3117160791905
      ]
    ],
    "T_B_i_camera_frame": [
      [
        0.9814738316084965,
        -0.14037043051090287,
        0.13040421812932512,
        -62.71477079627013
      ],
      [
        0.0024937391593056607,
        0.6899213251540806,
        0.7238800635206379,
        -180.98535594517608
      ],
      [
        -0.19158000713211742,
        -0.7101441454633146,
        0.6774897737467603,
        984.3117160791905
      ],
      [
        0.0,
        0.0,
        0.0,
        1.0
      ]
    ]
  },
  {
    "rotation_index": 2,
    "rotation_angle": 270,
    "A_i_pose": {
      "x": 703.4387451311636,
      "y": -101.67115009841868,
      "z": 443.51829706757053,
      "o_x": -0.6732256528652373,
      "o_y": 0.18661344016896225,
      "o_z": -0.7155016731444308,
      "theta": -11.101954620545863
    },
    "rvec": [
      [
        -0.48448108798601436
      ],
      [
        0.753075510267617
      ],
      [
        -1.3954078338980764
      ]
    ],
    "tvec": [
      [
        -89.82518405123172
      ],
      [
        7.089088705357685
      ],
      [
        982.7615722701505
      ]
    ],
    "T_B_i_camera_frame": [
      [
        0.005715431803532123,
        0.6941337307170438,
        0.7198233795314916,
        -89.82518405123172
      ],
      [
        -0.9826972425326107,
        0.13716468566528717,
        -0.12446677679262919,
        7.089088705357685
      ],
      [
        -0.18513093571335504,
        -0.7066570688015379,
        0.6829072585312854,
        982.7615722701505
      ],
      [
        0.0,
        0.0,
        0.0,
        1.0
      ]
    ]
  },
  {
    "rotation_index": 3,
    "rotation_angle": 360,
    "A_i_pose": {
      "x": 703.4100076483871,
      "y": -101.65466715143472,
      "z": 443.57800126608606,
      "o_x": -0.6732468212606024,
      "o_y": 0.1866353901196006,
      "o_z": -0.7154760295197866,
      "theta": 78.89774820316121
    },
    "rvec": [
      [
        0.26893340399946697
      ],
      [
        1.1834449701547332
      ],
      [
        -2.809908660723644
      ]
    ],
    "tvec": [
      [
        98.71276237336585
      ],
      [
        33.892087264584205
      ],
      [
        985.1531115557268
      ]
    ],
    "T_B_i_camera_frame": [
      [
        -0.9813225192694052,
        0.14192980084821372,
        -0.1298539364283361,
        98.71276237336585
      ],
      [
        -0.006262288480662001,
        -0.6982341509843766,
        -0.7158420594950479,
        33.892087264584205
      ],
      [
        -0.1922677739969258,
        -0.7016587504124159,
        0.686081701440837,
        985.1531115557268
      ],
      [
        0.0,
        0.0,
        0.0,
        1.0
      ]
    ]
  }
]