[
  {
    "rotation_index": 0,
    "rotation_angle": 90,
    "A_i_pose": {
      "x": 696.594229698243,
      "y": -42.11425561678611,
      "z": 375.9662656761036,
      "o_x": -0.8035704764831516,
      "o_y": 0.03264368244034225,
      "o_z": -0.5943137886010847,
      "theta": 174.71991059212567
    },
    "rvec": [
      [
        -0.5035767913046107
      ],
      [
        -0.48481020756593174
      ],
      [
        1.5930492135328413
      ]
    ],
    "tvec": [
      [
        262.6579855666729
      ],
      [
        -246.62564422757353
      ],
      [
        876.5807476027433
      ]
    ],
    "T_B_i_camera_frame": [
      [
        -0.07019365965173008,
        -0.8084690907046321,
        -0.5843377272775755,
        262.6579855666729
      ],
      [
        0.9969224857094767,
        -0.07735260016497612,
        -0.012733135299504816,
        -246.62564422757353
      ],
      [
        -0.03490569626200335,
        -0.5834332049368998,
        0.8114106776136988,
        876.5807476027433
      ],
      [
        0.0,
        0.0,
        0.0,
        1.0
      ]
    ]
  },
  {
    "rotation_index": 1,
    "rotation_angle": 180,
    "A_i_pose": {
      "x": 696.5974406377419,
      "y": -42.086672021114126,
      "z": 375.94301302396167,
      "o_x": -0.8036356489704065,
      "o_y": 0.03254979017898091,
      "o_z": -0.5942308094193853,
      "theta": -95.27968059790726
    },
    "rvec": [
      [
        -0.6290139293788748
      ],
      [
        0.008899694414944826
      ],
      [
        0.076300671838694
      ]
    ],
    "tvec": [
      [
        -153.4945682016067
      ],
      [
        -319.44475915979405
      ],
      [
        876.7848194236396
      ]
    ],
    "T_B_i_camera_frame": [
      [
        0.997146922713058,
        -0.0740022789020092,
        -0.014888829409592233,
        -153.4945682016067
      ],
      [
        0.06858908617442477,
        0.8058879958540838,
        0.5880816910906558,
        -319.44475915979405
      ],
      [
        -0.0315206564277463,
        -0.5874250597783494,
        0.8086644838020071,
        876.7848194236396
      ],
      [
        0.0,
        0.0,
        0.0,
        1.0
      ]
    ]
  },
  {
    "rotation_index": 2,
    "rotation_angle": 270,
    "A_i_pose": {
      "x": 696.5965476857566,
      "y": -42.077661279217295,
      "z": 375.94791506580066,
      "o_x": -0.8036286556529777,
      "o_y": 0.03261334615133425,
      "o_z": -0.5942367823235115,
      "theta": -5.282157421553486
    },
    "rvec": [
      [
        -0.47836146661695755
      ],
      [
        0.4865100867926099
      ],
      [
        -1.4410081388965796
      ]
    ],
    "tvec": [
      [
        -226.16170458404935
      ],
      [
        96.7459456937884
      ],
      [
        875.8509255179112
      ]
    ],
    "T_B_i_camera_frame": [
      [
        0.06856600314160531,
        0.8098469529007079,
        0.582620473456455,
        -226.16170458404935
      ],
      [
        -0.9972676669965436,
        0.07173187354249179,
        0.01765612305560249,
        96.7459456937884
      ],
      [
        -0.027493700668625554,
        -0.5822391700972396,
        0.8125525492102165,
        875.8509255179112
      ],
      [
        0.0,
        0.0,
        0.0,
        1.0
      ]
    ]
  },
  {
    "rotation_index": 3,
    "rotation_angle": 360,
    "A_i_pose": {
      "x": 696.6125977309664,
      "y": -42.08946497502643,
      "z": 375.8762056793508,
      "o_x": -0.803684990790162,
      "o_y": 0.03259120560082873,
      "o_z": -0.5941618036327321,
      "theta": 84.71518760818293
    },
    "rvec": [
      [
        0.012015027075722884
      ],
      [
        0.9367639833187124
      ],
      [
        -2.918632887712403
      ]
    ],
    "tvec": [
      [
        189.75612356539932
      ],
      [
        169.1629978154518
      ],
      [
        875.8336957683513
      ]
    ],
    "T_B_i_camera_frame": [
      [
        -0.9970607540419762,
        0.07496007044192086,
        0.015837947739147824,
        189.75612356539932
      ],
      [
        -0.0701755792498585,
        -0.8105775409551534,
        -0.5814115910231266,
        169.1629978154518
      ],
      [
        -0.030744769086668164,
        -0.5808141165109875,
        0.8134554205581088,
        875.8336957683513
      ],
      [
        0.0,
        0.0,
        0.0,
        1.0
      ]
    ]
  }
]