[
  {
    "rotation_index": 0,
    "rotation_angle": 90,
    "A_i_pose": {
      "x": 696.6093340186435,
      "y": -42.075102100648024,
      "z": 375.9690370168439,
      "o_x": -0.8035382368649853,
      "o_y": 0.0325106244457029,
      "o_z": -0.5943646702101841,
      "theta": 174.7170002583322
    },
    "rvec": [
      [
        -0.5037682069818223
      ],
      [
        -0.4843727689990573
      ],
      [
        1.5933000678224711
      ]
    ],
    "tvec": [
      [
        262.7687217491507
      ],
      [
        -246.10700075378512
      ],
      [
        876.5933977779989
      ]
    ],
    "T_B_i_camera_frame": [
      [
        -0.07028509574826576,
        -0.8085552923769733,
        -0.5842074498710574,
        262.7687217491507
      ],
      [
        0.9969008139868408,
        -0.07768171609048045,
        -0.012422481942514552,
        -246.10700075378512
      ],
      [
        -0.035337973739749506,
        -0.5832699976463944,
        0.8115092959772816,
        876.5933977779989
      ],
      [
        0.0,
        0.0,
        0.0,
        1.0
      ]
    ]
  },
  {
    "rotation_index": 1,
    "rotation_angle": 180,
    "A_i_pose": {
      "x": 696.6178190607274,
      "y": -42.11149312407791,
      "z": 375.89601213702815,
      "o_x": -0.8036343305061291,
      "o_y": 0.03260921936991934,
      "o_z": -0.5942293342170599,
      "theta": -95.28456594489565
    },
    "rvec": [
      [
        -0.6301103559747011
      ],
      [
        0.009095781023851671
      ],
      [
        0.07654112734503772
      ]
    ],
    "tvec": [
      [
        -153.27742250904956
      ],
      [
        -318.3523500802712
      ],
      [
        877.3319557982286
      ]
    ],
    "T_B_i_camera_frame": [
      [
        0.9971277899468994,
        -0.07427368095520046,
        -0.014818597537457585,
        -153.27742250904956
      ],
      [
        0.06873223659938366,
        0.8052259688101385,
        0.5889711527789966,
        -318.3523500802712
      ],
      [
        -0.03181273593481701,
        -0.5882980192650141,
        0.8080181869000244,
        877.3319557982286
      ],
      [
        0.0,
        0.0,
        0.0,
        1.0
      ]
    ]
  },
  {
    "rotation_index": 2,
    "rotation_angle": 270,
    "A_i_pose": {
      "x": 696.6195610708272,
      "y": -42.101302986182645,
      "z": 375.93466010856054,
      "o_x": -0.8035102825394863,
      "o_y": 0.032603621627704235,
      "o_z": -0.5943973668431521,
      "theta": -5.2828934078397065
    },
    "rvec": [
      [
        -0.47891612227682484
      ],
      [
        0.48639915124150634
      ],
      [
        -1.4409368616186593
      ]
    ],
    "tvec": [
      [
        -226.00455641689638
      ],
      [
        97.14633706072212
      ],
      [
        876.047239974054
      ]
    ],
    "T_B_i_camera_frame": [
      [
        0.06870982620814561,
        0.8096766476364301,
        0.5828401891210648,
        -226.00455641689638
      ],
      [
        -0.9972683331598686,
        0.07161838554464706,
        0.018074250427487726,
        97.14633706072212
      ],
      [
        -0.027107774880717805,
        -0.5824899425090622,
        0.8123857676109336,
        876.047239974054
      ],
      [
        0.0,
        0.0,
        0.0,
        1.0
      ]
    ]
  },
  {
    "rotation_index": 3,
    "rotation_angle": 360,
    "A_i_pose": {
      "x": 696.6054550749282,
      "y": -42.10996689051868,
      "z": 375.94252279757086,
      "o_x": -0.8035847865645835,
      "o_y": 0.03257988455211419,
      "o_z": -0.5942979403670555,
      "theta": 84.71526748707691
    },
    "rvec": [
      [
        0.0112438424440213
      ],
      [
        0.9360604191015874
      ],
      [
        -2.918969909498377
      ]
    ],
    "tvec": [
      [
        189.88923171821546
      ],
      [
        169.51283762606678
      ],
      [
        875.6687238856457
      ]
    ],
    "T_B_i_camera_frame": [
      [
        -0.9970724172596663,
        0.07471279230842492,
        0.016266327349590666,
        189.88923171821546
      ],
      [
        -0.07023903975660847,
        -0.8108772403883848,
        -0.5809858675683834,
        169.51283762606678
      ],
      [
        -0.030217081825276507,
        -0.5804275145835143,
        0.8137510849641731,
        875.6687238856457
      ],
      [
        0.0,
        0.0,
        0.0,
        1.0
      ]
    ]
  }
]