[
  {
    "rotation_index": 0,
    "rotation_angle": 90,
    "A_i_pose": {
      "x": 696.6125662304714,
      "y": -42.07274393529226,
      "z": 375.93863728103133,
      "o_x": -0.8036046992511944,
      "o_y": 0.0327028070273733,
      "o_z": -0.5942642625582735,
      "theta": 174.71330964119497
    },
    "rvec": [
      [
        -0.5037623438361869
      ],
      [
        -0.484256127022205
      ],
      [
        1.5932157199804033
      ]
    ],
    "tvec": [
      [
        262.74331998963004
      ],
      [
        -246.42468308797177
      ],
      [
        876.5052812636751
      ]
    ],
    "T_B_i_camera_frame": [
      [
        -0.07017421348721123,
        -0.8086030365284393,
        -0.584154696187952,
        262.74331998963004
      ],
      [
        0.9969074250057008,
        -0.07761241142951548,
        -0.01232475397718763,
        -246.42468308797177
      ],
      [
        -0.03537182112860304,
        -0.5832130338984913,
        0.8115487609262692,
        876.5052812636751
      ],
      [
        0.0,
        0.0,
        0.0,
        1.0
      ]
    ]
  },
  {
    "rotation_index": 1,
    "rotation_angle": 180,
    "A_i_pose": {
      "x": 696.5975844615568,
      "y": -42.083153458661855,
      "z": 375.9444015965478,
      "o_x": -0.8036284922993818,
      "o_y": 0.03270522738187598,
      "o_z": -0.594231953420987,
      "theta": -95.28594226324974
    },
    "rvec": [
      [
        -0.629401995903443
      ],
      [
        0.008995685114694247
      ],
      [
        0.07632089507575403
      ]
    ],
    "tvec": [
      [
        -153.35883734007186
      ],
      [
        -319.0779322902609
      ],
      [
        876.9892050287186
      ]
    ],
    "T_B_i_camera_frame": [
      [
        0.9971447180192718,
        -0.07404591855372229,
        -0.014819354635152628,
        -153.35883734007186
      ],
      [
        0.06857119084056014,
        0.8056584321587869,
        0.5883982345980934,
        -319.0779322902609
      ],
      [
        -0.03162914973524229,
        -0.5877343725161741,
        0.808435466966934,
        876.9892050287186
      ],
      [
        0.0,
        0.0,
        0.0,
        1.0
      ]
    ]
  },
  {
    "rotation_index": 2,
    "rotation_angle": 270,
    "A_i_pose": {
      "x": 696.6168819504205,
      "y": -42.07044480098668,
      "z": 375.90965454372287,
      "o_x": -0.8036165188643014,
      "o_y": 0.032623552772523434,
      "o_z": -0.5942526351754113,
      "theta": -5.283182953314183
    },
    "rvec": [
      [
        -0.4779301956706851
      ],
      [
        0.48701452687393954
      ],
      [
        -1.4408245483309463
      ]
    ],
    "tvec": [
      [
        -226.0996065520993
      ],
      [
        96.09590245801374
      ],
      [
        875.9914967623321
      ]
    ],
    "T_B_i_camera_frame": [
      [
        0.06854476347559071,
        0.8097986185489753,
        0.5826901516211223,
        -226.0996065520993
      ],
      [
        -0.997251867783726,
        0.07207457881480721,
        0.017145474345673373,
        96.09590245801374
      ],
      [
        -0.028112765818135432,
        -0.5822640745270476,
        0.8125135198341104,
        875.9914967623321
      ],
      [
        0.0,
        0.0,
        0.0,
        1.0
      ]
    ]
  },
  {
    "rotation_index": 3,
    "rotation_angle": 360,
    "A_i_pose": {
      "x": 696.6149843725219,
      "y": -42.10962927466858,
      "z": 375.9107468783849,
      "o_x": -0.8036341806827443,
      "o_y": 0.03265902041140939,
      "o_z": -0.594226801839282,
      "theta": 84.71299543506072
    },
    "rvec": [
      [
        0.01210222890323131
      ],
      [
        0.9368806740295477
      ],
      [
        -2.918563899129285
      ]
    ],
    "tvec": [
      [
        189.72204009254799
      ],
      [
        168.81636199459638
      ],
      [
        875.9786345663134
      ]
    ],
    "T_B_i_camera_frame": [
      [
        -0.9970580439347222,
        0.07500494206082928,
        0.015796065697418305,
        189.72204009254799
      ],
      [
        -0.07018503812259408,
        -0.8105254066913797,
        -0.5814831257495814,
        168.81636199459638
      ],
      [
        -0.030810995582673525,
        -0.5808810754140861,
        0.8134051012730248,
        875.9786345663134
      ],
      [
        0.0,
        0.0,
        0.0,
        1.0
      ]
    ]
  }
]